62531715072
59642454016
41778331654
51635830792
86296272909
71591690253
45538615311
58034479117
63746596881
55308689426
67477962768
54195486742
84084916248
51157893147
54969999392
59454644256
58926235683
59454480425
56510849070
76608634926
40722260014
56623759407
63990341687
54487113785
56916082747
56023564348
72517558334
60183806015
51473498174
50622087234
63741059139
53133893701
79952355397
57800843338
79692496984
49036279898
79140175966
61752893538
83349004386
44934422628
94770004075
47704498283
55906771053
82415419501
83766222960
82306875506
57753141365
50071527542
58420166777
49573879931
57589874816
67217858690
56472682627
72772026502
63517958283
58118054033
80766689431
70087737499
85666300064
59068973217
40843403428
58969882792
73258221737
42295935146
89135087786
63152472233
46106656942
75101479087
66186584240
77604094128
68234862771
71217914037
75836145847
90363035838
50538315966
40451981504
54849020101
35184033994
72084250829
59119337680
54713082065
44153856211
68908523732
37065859285
64662356181
66961981655
42243997917
68710285540
70965264613
61715874021
66233614568
69201371369
55574626538
70798541035
101565776108
45812990184
67726729454
121283985654
65667326200
60600926457
41968632056
46404378875
41770500344
56912191747
60058116356
104614592773
59769397511
43710628107
69994815755
141596377359
73897943314
43605655826
47019852054
68200833305
51778085146
54261121307
52541645084
43066114334
60953452831
61029089568
67185525032
41093087530
55625359666
84085924148
88724021558
117908185404
92261073214
59262329153
49261183299
42737123656
52056850760
57038029141
51273417046
62423114069
62878564699
63641043298
74539073893
44744884581
148628005224
66582364522
76391989615
60803965297
67351019889
52878426485
63496405365
77395722616
70191432058
78370627965
53056102786
100606591366
52951220616
55399113097
62026547596
76053782924
56740643216
45554680210
70339871124
57779659156
79242240406
48513139097
84937449885
50107236769
45339132321
91718517158
99545096614
59343380904
55815299495
58283458988
40833565103
72123990449
81136845236
70610829753
111772434874
40710021563
45916062138
63041159614
64145359294
109214581183
59261886915
86363480516
64582508997
48869417414
54617293254
51034857928
64800752073
48736928203
45753655755
59477025229
62746608078
41213133262
60167152080
62165352917
45420487128
38859882973
49654817247
71534412255
65182548447
51372138978
79278809573
77735199206
66048287209
79732605418
49313817066
65286177265
53661344251
66519933440
55258972678
53173076489
59180319243
104653128207
51545178642
58359267863
49605427742
70228042274
64192741926
62490993190
56197538347
66962833964
69770601005
61112271407
43321115184
64384926257
48220455481
55217644090
58615358013
55336723008
61762806342
83377971782
57177653832
44903481928
86004965960
63305695824
53872714320
53855093330
84469981781
46615503447
51259818585
74076013147
52162298460
60885189216
46330643046
45314261608
56251417196
86766248557
79061574255
43749712495
70077325944
54734619260
57129509508
47140758149
95613878917
53506704007
63140569737
60967346830
48848601754
62590575259
62425252508
110643856030
47842083487
46822531742
45367485089
44415828642
102336930465
68477354665
66238505641
51578741422
57303474862
67587506866
64896017085
86686524094
54234047167
54661825214
58725597885
54803505859
111956394691
71436559045
76213052103
51392717513
59543290572
56333394636
43986371278
54223741655
88960672472
102004441815
56991998679
99117146843
46539154143
94416610016
50897871585
63120433902
50310906611
49830331128
66221941497
66843525882
46076658427
65067221757
108680381184
44077318914
55145399043
69763891977
46494835466
47864128269
88638620433
65666179859
80454099732
46838539030
81948902167
61528752930
61918233380
50274558759
54870287145
74563593003
76354110252
51809772334
93896393520
88469586737
52275331893
70986400572
45927138109
53682537279
44923478850
73309668165
57939141446
62340686661
56870282053
64728810313
54633390921
63783199565
53403788111
68087259987
69664047956
44324479828
64609649494
52510786389
60620464984
73113543513
60930859867
49996604253
64282952541
64691307362
59190043492
63932982118
52458349416
54966829928
92187935593
69658633068
61644931954
65891992438
43084465016
65952146297
42313679741
90236584832
58323149698
53190189956
57529213830
59169661837
72120017806
43486364560
91142038421
47803130774
55964959642
66374484893
66824627103
47912100770
72568185763
48126116773
62872642470
40648000424
52463821742
58014057391
43424613297
46759445427
50802467766
52970873789
45074228160
69662876609
87218422722
46366434242
78320591815
75614159817
63070700489
73368265675
60606612428
71745741779
51658310612
53798486997
68693279701
52694221779
88791778268
67042223070
59863614435
70192309220
63290614757
81801913318
53131854823
44884943849
47183397871
60979839986
84714185715
59402462197
45354640377
51632284674
63179711495
48880649226
102813819915
107644806156
98821702674
50917827603
77073187858
64483247124
63717024789
82616075290
56725070876
74326467614
66410423334
51108586541
66815673391
66820793391
135569851443
56764056629
59634467894
44427527225
62864245818
84550181950
57250915391
59763106882
71284204614
53517370443
50442167371
46080476237
73725969486
54673671248
48874308689
33209549914
72670454877
56155079773
60023186529
52311188578
67298649187
69831181412
74738631780
49913701479
53882299496
58758538344
62337320051
44044838007
43796808828
44381086845
51825558654
86488007807
54641517704
48471295116
57077073037
66971534478
59821753484
67619964051
48448119957
52170630297
49300587674
60550448291
89391449253
57914623146
46237279403
45874603181
54329484462
53767922864
44505883825
68009952433
128933061811
52555842739
81753162933
104745501886
68852982974
46198564040
57478563018
69402461388
47585838288
40805811409
52501628114
46824760530
73325511892
49473701079
75664041176
65891329241
62097319130
45206668507
100757325022
41915909343
73072346338
40323368163
57830999268
56249230565
68158145766
52834075880
62599120105
58621789418
66570396905
43669128428
44694004971
48970499307
48129778931
91951097076
46092305653
69207131384
44563531003
72087184636
51555157245
80251430142
52199449854
54752101627
70650742017
59828921602
66166514948
44371961097
44357969162
54473557261
47746368782
80143852816
64746857747
49144276246
60285568278
105475949850
59508450587
79395407132
54911165728
36515652896
66019362081
60793103654
61543105831
45448471847
77305931051
61017810220
78077928747
73903957296
53784175924
59903288631
56007525691
54963479868
80700073277
59999921470
77530400061
73683559746
44636734792
60894676298
137204114763
58325427531
56081106253
57516991823
67900523857
49447576918
64812803420
54106342759
70622774632
65938326892
46819894637
69290476909
54511068524
57639052652
49003398511
49851032956
44470420863
69152580993
61982147969
51178489223
56044168584
84626957705
46348354960
77878961552
61751969169
73293505942
85357962650
48859170203
58156385693
73029756319
75178034593
59338958242
89451447713
99992036774
47338808743
53425530285
72609744302
57689548206
79600428464
94886528437
87861233078
56502748599
65972053429
60229420477
49697932735
64610534852
108335064528
42058859989
63418672600
65466074585
48691963364
51701974510
61079373295
58304677358
66235770353
52738975218
43981661682
59560003063
56937858551
64560121338
49164551675
53470979584
54038087170
63956379139
54582748674
61644719621
54212363782
59754407428
52793263628
52272162316
55107913230
64759334424
51115468313
48395421212
35074549278
90361595423
53342422561
54289311266
57931826722
77882852908
79800796718
54523274798
63990122032
67684124212
72587544118
59801364023
70008997430
81225295417
68513179193
87659923004
53054277184
39556105793
61479773760
37191632451
65809712707
70570583619
59165533761
63244166728
48942483020
84190160461
81827071575
44162491991
53031675485
57004156513
62669923940
48000829028
61304907366
45943539303
71171188335
132165060210
78785103476
79617558133
60543837818
51558393467
56533493373
65819584128
45075441287
56150951560
78303356559
79353726609
102452061841
62451123865
73650464410
85793105563
64131180188
65512490652
39157794461
83023234722
56515069603
56979261092
42170779303
64231073451
40703870637
84821534382
48541468334
61212993208
165960271545
66652874424
48071534266
41208759997
63993718462
68985030335
42700637886
39907354309
61150267079
52726425287
76674852557
66534155982
75867989715
52750911189
48658523862
60163696342
54300354264
54582372058
57450252000
48011609825
57764415203
70532695782
59241088744
72864491242
56783038187
71849002735
53410121463
88545773304
66896193277
45443278595
74439321349
68797015813
63062673160
47064532746
54503868172
56613226253
45991487246
111714494222
54362990349
71406077710
48356476690
52847249166
44086093588
49565968153
46846437146
51515500316
67953895204
50402821924
55382501158
62125229871
66339235633
52656990004
53420730167
60393727800
46926112572
54621718335
92719589183
74821658436
78774208324
45233538888
65750001481
62600922953
58629556041
48958211914
64550389581
76449990478
155126056784
62400628561
58887006034
58783557461
66729871191
66960418652
76824618847
61868279652
56025319269
56059365225
48199313261
57372911471
50537088881
49454106483
43122132853
38257502069
45089834874
93917079419
52831733628
36985481083
66129954686
45516916608
70080989060
57296349061
53238982533
74723379081
39369205642
61470828427
45026731919
53173520272
66636007317
81540491159
74636740504
104176748440
61836658592
61795878821
53473494949
61036726183
44237580200
43383236522
44586985390
50929043376
70870026160
62705199031
46649960376
41372239802
51027838908
46681786301
83636791236
74357630916
41885484998
90382854087
78371874759
57850070986
87869269963
60922652618
54242248658
60095031251
69682259924
63750498265
72888199129
77117278173
52042303455
60081547236
103034955753
103442761705
52176660465
56481941491
75849041911
50550007800
78495795195
65612040192
59789731844
46110607368
43995867147
55909238800
51508742163
63992899604
66930133011
48426240022
56019290138
54262704158
43829413920
56404002851
64218277925
74873489451
57010948140
63990532150
41145010238
59522549825
48554018882
64234195012
79693998151
115115714632
51585517645
39029991503
96177031248
51710904401
42241181778
43380115539
50476091476
50740291669
53684275287
44189157465
51552397402
50418591835
54090672220
49125279837
52174252125
111054522464
96999549026
71862306915
152982390890
49600645228
71378651248
53325170800
54957680754
62093568115
99185305723
59994212478
34308302975
69101234304
85591828608
41887197317
73162360967
78871750799
63851284630
39258622108
64602286244
66442504360
50859034793
48480544940
47434262702
93262489776
52035635383
64070748349
50311760064
46152378561
63767054530
54453528771
65675577538
49437075653
62078617799
67205048520
52412500169
66376542411
65557473488
61655328977
63667538139
59812931804
64331163870
61216614628
86128183530
50954873068
48470468846
63178148082
77692635379
61835086071
134550800632
64497404153
49239222520
53565532411
59585464576
54828566784
64838781187
57889753348
66470201616
58884417809
48313141522
64240175379
52814924052
51677841683
62460504342
55363758359
95866661147
40304199967
83162925349
86725470502
62219487528
74703055148
49478101295
43903174962
74998360370
122688973108
43990698294
69362837815
55392921912
46790707516
58116852030
80435808575
67275303230
57602623806
65191708992
45818685770
66849237325
60344273235
48203606357
81664313686
117046503768
64702900569
62638156122
81764092255
69876648291
109909141862
56195664244
59833928054
80268609912
65220979067
121662204288
68158368129
63982315908
111370930567
59303315849
53496719759
43931011482
68852967837
68143712669
47901165984
55071984034
55665871267
73081973162
78205421998
55409199535
79002118575
39857482158
59761166770
52864092599
60614453689
86961596857
42100304316
49756785087
59189684673
40068032961
63721015747
70038907333
84282837450
73939151307
52780550612
91349256661
59927013849
84001409513
48931129834
47741921771
46792731116
57365948907
69878016497
66726963697
52031810042
38188706301
65196993027
75450984965
83244632582
48149613065
86403385866
43691018762
45677931021
50577730062
63153678866
52203776531
41621793301
66353703446
81167829527
60790549016
67199109654
75443325466
60061846043
47877040668
52100377120
63069055524
51953560108
87555148333
48093866542
56483990069
52519176758
69413808694
108393171510
57703844412
64062704189
56049355326
50993916476
55531416129
44387412545
80625297988
42961873477
54221146706
48897444434
65315129939
49046915669
50445970005
57384110679
66366442073
52824336985
80704563805
67479464544
53102742113
65548896872
51992341102
59845290607
52620225141
56297343610
52122708604
97460234882
48693070466
64024251014
61386549895
40808606345
49400810122
52148005515
65415465611
84236618381
47039613594
54202436253
69787191971
91426171557
69685602981
64330902183
53186079409
54128814769
59669891761
53253515956
48564120246
49085057723
67867437756
66035706561
68187433667
64853560006
68003621576
62976985804
87694961360
54334745309
68836739807
80242125535
58674916074
52456106735
53247199984
61413329649
44596226803
67817687797
68841597686
46396099319
56931412728
57633172219
46763371261
53787650820
52660587270
56462461702
58673326864
46487079706
56293321499
59185589020
48091532068
106491120420
55769910054
57832753962
42526124844
75748903725
66340432693
54861695798
63970536246
72768555840
49500277569
67019041602
63139261259
68460751695
72209034069
46715841372
70412462943
74303023967
102004640608
82326301540
76072659813
48836479848
67094694768
58394159989
94845881205
60281367416
52575259513
53765729146
53461109628
85459880829
73920473989
47006223240
55199452041
61729377167
44156177296
146623269777
67749464978
60281408404
68487179158
42484394904
56618027929
55354837912
44574026651
73677622176
55166495650
54400682915
63830641572
63875386281
43879279536
58305686449
44041653169
76923079603
72847625140
75616586677
74669157299
43719715770
65177881531
55187524543
96058198976
64094432193
51802917824
57984068553
63006125003
169529887692
57283120079
61663898576
78824704976
58204556244
58971573208
56038288347
46608116699
60959288284
53498203102
86189591518
44582996960
43240229853
179783748580
43498728421
61571443690
78372547562
63545134060
60864343021
58875939820
99836619757
50510269427
61618514937
63179189242
64224340986
68927908862
52071975936
62826449927
46577961994
76690869260
55937436688
74249718802
51959507989
87325297687
61243190296
54851439639
59135233050
80204221472
61626248225
76884528160
49355385898
63722368042
55813901354
84625484846
75598974002
69924219955
63614970932
57396866099
44381277237
48272321593
65281600570
50638629947
63719869503
57719090241
64587762754
79527554123
44240030795
49618742351
63238401107
78222396502
86442740823
52607749210
47786945628
40577633375
44457700449
68570647653
64938585193
69789084778
58782182507
75311844460
53792050283
100960791663
55259491439
83842772081
66950950002
89112644722
50576960630
47606180987
46668803199
38456880256
59411967111
72539344008
69264854152
114501782667
50314226830
58444041359
75719552144
68635602067
68211608724
66031619222
64820489367
47953579159
51110890651
64272919709
69727882398
47609859231
72698760352
83905277089
48759016609
60928969891
55788342442
73185365164
52478012589
75318725806
67774721204
66168630453
75156827322
35772517566
96731049153
142675037385
54987164874
70373641422
77182905550
48584117456
47117298897
51249581274
45713370339
80622185704
65934757100
63159135470
69216906478
65574931701
46510329078
75893255416
71327812861
55680118014
82747763971
68405210372
59795139845
55563930889
50643553551
57946688785
44459658517
70906735896
53912464665
44721900826
67781561629
63498595613
52987710752
76491132193
53641956644
44377902383
56868220210
49427000630
67898092856
55295839548
58854346047
57805253954
76920360259
46470491459
51066252611
49936207180
44904672591
75320814929
84750167382
77462203736
75001875807
49971309921
86588345698
60062616936
67918359916
55253667183
42056486258
40394517877
57017068920
71823347066
44387650938
65252019580
98402889085
46526811518
68035825023
45022547329
40793132421
37744889221
76243512714
43910032781
79938899342
73558822288
53476846993
71972629911
53620428185
55378570650
68218547618
44931575203
78460923299
79508278694
74186812841
49329106346
53476486575
111392640434
54451236279
53069565368
110199401913
58903457209
52916719035
60947500476
53652737473
97689406913
45454241220
58461457863
66929667528
53366115784
58716351946
71307455945
53047324108
84482182600
110590406096
124014489041
61082619346
55138659795
54609923537
49269255640
64855207384
66033593821
83573181920
51612986848
64143085027
41726447077
45708643814
91028049390
38230420975
79802199536
91039657457
72310394353
75273629175
65545793016
47879687678
60346068486
49477225993
60536376842
59293388297
53154483722
45152718349
46856687120
56859364880
51479596565
57891491350
85216595482
90252299805
48882134559
54065622560
84950912545
75243384357
63435558437
44636114473
116465503786
54201019947
50647510569
65140461103
49324224052
69479001655
44375354937
99344100924
40918855229
50508721728
49863077441
60305460809
80971607626
68389809743
85531037275
80098446939
61453422176
58250735201
80262688355
48661851747
57342004845
67868790383
56626884212
55961079414
74541280886
90828336760
61431164537
54529511032
57614421629
49215090304
70972829312
61063605892
76571979398
63957110413
73642544782
50837933712
48700755605
42482085526
53285613207
53066755739
86475509407
42574671520
55998181025
65916194466
73600994978
52196560547
83263647399
51397979826
47600660150
89206894263
62543417016
51435794102
58737094332
58727018173
60067770046
57422540485
48337424070
63716421318
59358949062
39461334729
90282159821
71694872271
67575090896
71536160465
63505100499
69503815379
55825436374
69622558431
63362199264
58788974304
52997975783
75052175082
63816298221
49911254771
62981377781
95327760118
70143225591
107693698807
97842130683
36981722875
59582205695
75523174147
57209483012
63907860227
59618070278
75999629062
50213195528
53904862985
46547119890
53659029273
46999432995
78348414756
54446411557
75685793574
64016453414
59523395368
63339392812
46936600365
76619960109
50015711023
41654054706
49735077685
52811255609
67096907577
69982162749
65066291006
62216834877
48000175936
67415478081
40738164546
47886593858
45973565252
64440078151
48132067143
49273777996
59424755534
69646249808
79552032595
54036991827
51871977302
53076512601
75875315546
52194398043
83337473884
63744347994
54269529951
72411025248
47043719012
44100579174
49303048042
53289389933
65333858158
63140048750
41981996913
63442857847
61782486905
79178043260
62471212927
108976418689
72826957699
56250969988
121753079685
79225270150
46718390151
64527839112
56211967879
45901590410
65111248781
55107276693
63451918237
77796904863
63507763103
68536135584
53287235493
66013048742
56316358568
54067105704
56773144492
48202829744
101259653043
77665030072
74785738680
57884929978
71156101048
44467703746
61572648898
53385891783
57214119884
73830207440
72344948689
69873881047
58768420825
66312228834
83973132264
37219094506
49823272939
74589564907
64620597233
46890708979
61146558452
45950439415
72597319672
73104003065
52706594810
85080805369
41842446328
104232824830
36841164800
79203201025
41852555267
68488966149
54662361098
134783946773
51698634777
56502579226
58888761374
39544737823
78248448032
63466426401
94578421793
56341983270
58325307433
49476562985
49811763244
57440522285
40261201966
64221548592
52856090674
69120716852
53194035252
65869983801
46797934651
84308570172
51271348283
71952527422
42939035707
45476606016
44392828995
62782132301
85565608014
55237546063
38185685071
79041286225
49771343953
67449548885
51923939415
45625978970
92424884317
51171536991
47355818085
78549078118
53991043174
54788468837
66489643113
45901500522
65337831532
54444683372
50707951726
65314607215
87216894063
80295006323
53502529652
68090245238
60362764409
43380084859
53884309635
65309692036
47955251337
69989240969
42501255307
49521086603
78383673486
38559371407
51247337622
76718198936
89351573657
58041495707
51609530527
55044452516
45407015085
58216059054
57180860591
73235525809
49584779442
82626359477
49255141559
55099936951
98685300920
54641168570
127831642309
82179010762
54647050443
57247215821
51486421198
76549116112
84925280464
48784388322
60597489890
54549557476
52375965928
48853807345
66014138611
73526399221
80543781112
45679300857
57102725368
35995832568
41199497473
64604516610
65907364099
77495374086
79828668683
65682133262
47627694351
112117895442
71220384019
67274494227
62516433170
64083955992
119220400409
111253573914
88015180058
51334009113
47394566429
54883782944
61010612512
76019331360
77071192355
65468436772
42530304291
41827545381
42724544807
43302154536
66290495786
94289260842
86056014122
57343217966
89377321263
44669432111
53265682739
85208420661
54946107706
69631938875
56763199804
67149132090
247668887870
59105374535
64328298825
60426481993
50642284875
97922175308
53408485708
54583243085
46918848854
74518278486
64529330520
61310521690
47506493787
45701738844
72474055014
54655267175
60876288358
59181109609
47686373739
67128504687
61589983602
55593046387
64054235508
72181207411
69374603634
71346319735
53787390328
64441012600
43427484021
74634539380
55927370102
85270303101
63723344257
54132568460
59039601045
59637445015
55976284568
72590897566
58977661344
56769573281
58880348578
72138568098
55423971748
68408807849
54585979306
65700106668
69268730288
61048951220
105909785016
117361856953
46732202428
64519156156
54875615694
43468616144
28585390547
51407106516
55289786836
64068825558
49020350935
57596998104
60698505689
50997260764
130066870749
69945627106
52242895331
88416326118
49230524904
54259995113
80089911788
64925168114
63457350130
54391984626
48444289529
63075693051
59812401661
82557792767
45381317126
73514971655
74125881863
49735741960
53902455308
67710775821
66077831694
55333392911
56510845456
82163257874
59652051476
83235385877
67173503513
48511971866
58445369894
55156757031
51575853608
72042402351
63555310129
53460857395
86947705395
62889767477
44170465849
62095528507
68386542144
43559498306
84619039304
77893218889
36030304840
75028279881
46602220106
48749072973
59178332750
76838761047
49126961752
42946499160
54779605595
63186678364
68324340315
36560622175
61182227040
50334470752
51552383589
61632205421
68473713262
54810612339
87118541429
51185136248
47571047038
65415361151
108941857408
48616895108
56895517320
55229051537
76833354386
62905758355
44927890065
91523420823
58843746968
127871996569
52842459802
68173468315
49729278620
59059352222
79081509535
51991196319
59978117790
50466476717
47220773551
51978662579
75514843837
52076229310
95366320834
40983556804
146860298950
79668843208
64721105609
61955732170
71974523592
69704012492
45537587930
53154484956
52990931677
66136642270
78457197279
49745113824
62214222565
90204648165
55626019560
56506913513
95269810922
71019754218
68709233391
58079728368
53422355187
61244551932
62355919612
47840563964
50063446785
64629019395
63527285507
122446902024
115295630095
51925553935
70382883601
42412020497
55761916689
57628685077
66455040790
38346928919
96585208600
55785919260
95668785950
54847214367
67201766177
68772959013
59686138662
57589191465
79951532841
74775843629
86449173299
70397432634
36737086267
46033810243
53693977412
70700495685
65753846601
68814828361
63131956047
87958680402
43135939412
62190998362
65017992026
44061414239
55615861603
63300744036
53846340453
89777328995
78468879207
56432800615
68439864169
46609609578
40450036597
53139657610
43979453324
69167190925
67216085906
45036549015
57239729048
93046010776
81200509852
53685539742
92246397854
46377448350
56138625953
82850427810
122757870499
64730960800
67056825259
76955431854
50653934518
67806065595
54704706495
46532211647
63446283203
66097796036
76461364165
54383875015
48129586120
48550720460
50730939350
53740139481
43488334810
69979239389
68690891743
72171582432
43747537889
60908794852
77822997477
63490675688
59026641900
45304706029
55201346540
168369353717
123771646969
60585161723
83211686908
62967501821
55273780222
52669969405
89294066696
56058287114
104062776333
44781196301
51586405391
56373933072
75209741326
75244835861
42161738773
74246296601
50625426459
49934103584
86400291872
36813517859
60822950951
46443549741
62353855536
73380230192
61307106354
52233720883
60001203253
45287519288
80067064892
54183810108
43508888638
49360483393
46099895364
55187231814
49525920839
90562409546
74792023114
54167360589
57803797582
62293554254
49704105042
85631784024
125790458969
44744914010
56705274969
54358463581
50926089311
64305575009
56678544487
100765766764
50893558893
55780807790
52381889651
63506961527
40291259515
109751186557
44807664770
50914727042
47839949956
47491536005
76102153351
53740065941
77425382551
111601112219
58423997596
73913832605
41158964384
63506527398
44731487404
45878760624
49781798068
68105221302
51854275766
51410392252
55803532476
48098751680
47559947460
41593574597
52354143432
89631921354
88628622539
58317403342
64268948689
44218930385
80354104529
80610571479
65512223959
85065700569
44770661594
66695328992
99145348326
45805425903
84521301232
82682385649
54110729458
44894557427
38162855151
79103931633
57040639223
65731286264
56718882041
52001150203
58434368765
50386892029
94614435079
73153819913
81501500682
60581221646
52864210194
47397156118
57145791767
66722616602
60526892316
62505071904
81892799780
36958606635
74606433583
63230727472
48110925104
49112683828
79929562421
80061691189
59940713788
66639205693
47903053118
62211511614
54236591426
64389969220
49257198918
78543287623
44140885320
43494217036
51594540365
86674675025
63622477139
58596824404
73462682966
68371600727
88066159965
90508621150
45884667231
50614523236
55859524969
77167179114
44008142198
70388348284
74891359614
56138896767
75736339841
86289749380
43588588933
49162679688
157719434635
57111352717
53397501330
64704640417
71279842723
60984587684
50891576743
57826039208
47283180968
45193901481
60909573545
52458665392
76099319217
78068209075
77130495412
75958588853
67540448693
52043158966
108997629368
65115346361
83832092089
61429609916
52679071167
69741393344
55537243589
65919382988
42809341394
62175925716
66576184791
75532465623
62665692635
83971249628
51864294876
61464581598
53712680414
49924683232
47575086561
43855640036
56832595432
46288319978
84138194410
72640673259
54790755822
78154446323
69368985076
61936408063
60844824063
77964662273
56549144064
62332237315
42807588359
70984807947
82376013324
41357178382
52004189711
67901806095
53100541456
44309878289
53723772440
44393412124
52464637470
43939239455
95663576608
55720826401
103050188323
58735900200
151378523693
103417656877
46166218288
42521638449
59549021746
54194214450
104606635570
71025628729
43981461049
42993841722
48349222462
62511396414
78908388927
72365389379
63225099844
101911246405
67788641860
47670638151
41358218827
89891444300
81738028621
60597990992
57218192977
66968933968
60307617366
55903778391
78810609241
54725211738
71071962717
71166015069
56069748319
41405429343
64934123107
44200777317
46241240679
46956721773
43786933875
47401473653
72380855925
56948528761
41816430203
61715101310
48990008959
62977873537
91653273217
55766652548
53126993542
70788134534
115515192974
51657766544
44429268625
43132671634
68186265238
50397271707
69596509852
56581224097
56677103267
53368469159
78114420395
54743996079
56109913776
54529906357
54786537143
62993757882
72511477437
70855677630
72918898368
49569412801
60207683265
56015206085
51596875463
57998677705
67044865737
75260835531
130733577933
67228899021
61518493393
70843668178
82861635283
54666720979
62049629909
54339712725
56570681046
58752480988
48844207837
52994135774
137102497503
68732311268
40243001061
81217435366
64337204967
85364659948
63953745651
53198345971
55040497398
55443437304
45978859257
57255606011
73613268738
51614160657
54617708305
54131480340
50352174869
56484951829
54044235543
53856483092
58434869017
45535278874
51008583451
65612715804
109482333979
47906993950
64734631711
45139466014
69478471459
61364467493
64615651111
88103245611
42369652526
65674090288
44597212979
61760649015
82978535223
49878751034
72690317114
75419506492
52711667516
49421875010
78357567299
68995077956
43196495685
54375151430
39489836866
44936959816
56220456784
55528896342
44728276826
79148513117
58951997279
59442165604
77271471973
86281607027
81350317941
40757827447
47034685308
89246947197
40376170369
85055174533
46357354374
75109488525
56960030608
66872473490
43358312341
67023845272
55192967066
50573244315
76780705691
51484989341
81568266141
74769848223
57946388385
53962856354
46897772455
89432135595
117161818028
49660475310
65783068592
143640557489
63370114997
57484318646
66578782135
55505680310
48951875512
94614345658
59642460091
69265160124
52992677821
64945977278
47426426816
57557440451
79277520839
104726910924
52202821585
53573982162
60227639252
54630315993
44003481562
59381954522
61722933221
59686500328
69621200874
85819455466
57027172334
45640636399
43011725297
44722468851
48730601461
43774875639
78629582844
46470723581
78975358980
43900508165
71854241798
63922829319
41465763848
37229328392
47312533514
62381594632
41708509200
68167038994
52651620373
77205600282
46890407962
54751533084
84234934302
71297194014
41105233956
56627959845
51983448102
99017480231
43430049828
58736171056
43082807347
50311002166
50527492152
46243846203
92690430012
45214242877
56227969085
54807320640
57372219460
69061523525
81533950020
84254505031
71395768393
60916938827
100463106123
62792177741
55335770194
49194596434
49364269140
88141731924
61628061780
99925260372
67423729752
67458218074
66381772892
61148739676
43450800222
49202813027
49402239076
65045780583
72716310633
56645384301
43187419246
49535752302
59852068975
60797540463
54819821679
51747944563
94318426227
44539926644
49160804470
57181272180
54289152111
50268092537
62141888637
56433842304
51162847368
96895088779
65896331404
66219153550
59697477781
53588318359
110515927198
54523295903
43069413535
57154574499
75532753060
49131894953
52572256428
63054026928
68240357554
46448031929
92842604731
64659945660
59150375102
57880639678
75437439174
79159507143
56940681416
81091328202
85724829900
63296395471
80911612112
124028000466
54259267794
88385755348
91299248347
76933871842
56069863654
61046634727
68918581488
56099182835
68697250037
128569981179
63623641340
83325343998
95625738494
66621126917
46639560966
59317664007
42693359878
42148796681
75042846991
63000901903
71371389202
38902085911
52438153500
80466024738
80211007781
58441742629
54758971689
45186906410
120304294188
52264499502
45361600815
72492775728
102575225137
59981478191
78736333107
53308709172
75191286072
67794262332
56800352575
61909326149
51070695750
81601714507
45715151180
62559762770
93684463956
82939648340
64230152540
86252534111
68192172388
82437585258
73705617770
70909999468
75754051949
113185208696
62265006458
88843606402
39560051074
54511327626
63256181131
53650569617
65542674834
57575143827
79909042577
39801641361
55025506718
36843821471
76369549730
60082157989
78399625638
77548902829
61871675822
113421474222
54700087729
104838011321
62681790907
70359472571
41886783932
102607993275
53055027647
71398996416
126326544834
43053406660
65262229957
61383694789
76882041288
57138895304
62570174922
64772192713
70539778509
55780571599
64521181656
113321540057
69378587098
60375800282
78015298010
52381710813
61861321191
67938376168
55690082799
86312139249
50902456822
48921016823
45855193591
54625499641
43526314491
92711279100
57302825474
50152757763
47466633731
45834590726
64814856712
64282794509
51029375512
46115297816
80487701022
75205204511
67762633246
49917622817
43939568168
54717233708
46552570416
61617486386
51570457141
73942088246
69653477943
69844859448
52166605369
65834523196
106002692668
64735156800
54257433159
59091638858
78051359306
51416390220
52496751187
72332040794
45061511773
74562845279
71876442723
59021834852
39922342502
45107796583
51151215210
132068145777
51900316273
61561150069
72975751799
68068252279
46776842878
48363117183
48136034946
79260711555
84611635845
44501310097
64935901842
51610540691
59322604182
45071694487
51985488534
50013477529
85887163036
76867803805
73669638818
67995097766
51117447853
53993388720
57166092977
55735925425
62742518453
54258596536
58180065978
52981381822
74791500479
53143509694
56151669441
61473135297
63148235459
56409168586
65495300810
79002294993
58171169490
94538160849
66626517713
65931582161
55318846166
64710941399
58478238417
64696195801
46717524691
51127802588
55296170718
53957540574
52201003742
47881894629
55495695080
47259671273
91800132330
58601175788
61482089196
58439064302
61683825388
58433026798
49144052461
83200703218
48618912504
66836085497
44046121722
53025323770
64364976892
45451983615
92490480389
108026731269
51850697483
51042155276
62314846987
47300737812
70936943388
48543275808
63844571940
46734048036
83846167332
59997551403
72793299756
173524933421
54708706099
70463544116
104414190389
54061652789
65740454710
61891836729
47654878014
75040406334
38637468478
42475846466
47476439875
75653348164
57339009861
60371344198
88230804301
52834294605
45346306898
38179355477
86595484503
58345511775
61355694948
74730535781
91415952230
76328352616
49054219112
69966674796
48761650029
68312054639
82617031538
49946442616
49397095290
53657394043
52116585340
96022870910
54712646528
52091181953
67115957121
66190154636
49001405326
43727223699
57504242580
80470375326
59116370850
75855543205
67392715686
50188303271
58862803881
61135100843
53546056621
57338960817
52434434995
60364397493
49627159481
80315907007
58013670336
53700828099
46918261700
55810137029
56822635463
64290315209
70736665549
52629289933
50559835085
44165192657
55828339669
57741876183
65911602137
85401549786
113147665371
60700777433
82803416029
50513353693
49848163295
53228043232
79852551138
78382980071
63500041193
101851134956
61891501042
55379975155
55608990707
38979705843
57847004150
43130543095
65689181177
60973456377
48988593148
61536582655
58586979328
43881577472
47424199687
106688076809
41857317898
46565489676
58197236757
46625995798
62094998551
81524644887
52932934679
47631883292
49021500445
68943445020
54996892709
78003534887
54162480175
60578683952
50448686130
82988407860
61209705526
80248519736
73274678328
49510259772
80618421321
63247359049
62857239625
69707734098
63097281622
69969796183
35706092633
91440405596
55696784478
63371689059
56295832676
80270539879
53304122473
55194115180
45700389998
109735500917
44830768247
62329453688
65692138617
60954492029
51971570815
61247560833
121219013762
41194478724
55011245190
47863389319
92790045832
64641096844
92312525968
88162393234
54276717715
53612600468
39806123156
55303453846
93518642326
72903466134
73882565790
56624864415
61807934624
64148569250
73584934053
51871300774
44752534698
90523081899
55029062830
58102004914
49011956914
84648246450
33815780530
65941298361
166230400186
36378401979
56273788094
63184010433
64090258626
54305406146
51318570179
42962386113
80217644230
76424756423
59452677320
118929202375
82488057036
43820694733
112802979024
53827501268
66245721301
70946413781
59001756887
42576444632
77185072350
52407753950
55636352224
47919160546
80937426147
77627981028
50336513254
67889396970
68416437483
68466916586
55984970994
68244577531
71557741820
48022011133
82007858439
45453868295
57586908423
47367912713
79796706572
60115770636
67036003598
77585988876
46672608530
53605113112
51139067162
59094801691
84752555294
69309791524
40272321832
114131074348
55689682222
52240833840
70348438834
43772747061
48010394939
58825735484
48117235009
54756826435
74131488071
48065748297
73761144138
59475778891
50838912335
42038033744
68372864337
64488488271
66347801940
117492841813
64502611285
66061630804
56044887380
75921022297
69745909087
45417643361
73611369826
44666527079
44772384103
48651738473
60794600808
76527508843
67896098163
69459647860
63848021363
67705732471
61851868535
81412390266
55746018687
48843210114
53232778626
56657468805
49481006469
55934369169
122138983826
68098833811
101796658580
104282348949
53161131417
67241606554
43382660508
85738323360
58821148066
51030859171
64855408036
65602223530
49257430443
57060728234
49127366061
40797339051
80017202608
105969008048
44578643379
54273695156
43334090163
97131822519
58310622652
47434956221
58456628672
74794958275
51688291784
50110283209
78009605578
55612177864
60842638796
54467755469
60675718605
63097208271
49964924371
46446353879
64127737308
73501097436
64327736798
74808229343
53937749471
96105848295
79107038699
52569390571
78968471025
68961459697
70173654521
48389062137
88095497723
71521910271
60687760896
47316852225
43929853439
73182477827
70613229060
67666296324
55710752262
71146225158
52182367750
47585771015
61069442570
81478196752
56402206224
54358654482
50898976275
66044329492
119307124245
65697414674
51201875475
70893174297
59083521561
49505254942
62627560991
56662179363
57398566435
63441690151
45048823337
53880790571
92768009774
49810193967
69473214010
44480290370
44564323908
43481529926
61852081740
45813866062
99938721359
74360880720
44996394577
82097430109
69307244126
64060784226
58688765539
82016919142
68152409703
54148415080
47128895083
60922568300
67975306863
40938880623
60805824113
47783165554
48873135732
53590957688
49919696505
60066193023
116368629377
62745403009
64960511618
70512500357
66563268238
50496052880
83287244436
52946927255
56834522776
74191167131
56183529116
61183729307
79507766939
44711042717
72732425890
62495243940
96942784171
56634310316
46528675502
59949113009
60459769522
43992710834
46670659250
43534098103
49390845630
56819359423
42581647040
60118621889
57965854402
83637157573
48798432965
76013526726
61461733064
49256636108
38187179725
69717556944
54325264081
63357091539
66719071958
60211830487
49694498532
38055411429
48603061991
82667798247
62144397032
50236743405
64236797681
54811451123
43906137843
40451677942
47220096759
89445138167
54344965881
70693707518
103340982016
54600908545
82670731012
48717471493
90110639877
43449581318
71267893000
46168760074
55214489355
84737482508
69673205519
49159749398
53862596377
65816477469
54099705632
77039746851
70755483429
64482516773
68361625385
61381721908
46195425076
49606360884
98054774583
90501447482
82027937597
67629219648
52692991808
53021015876
76760407878
49062453062
45995130701
64947478351
113601380182
47865765718
101342109529
40351776601
81104740187
67181395804
98013437792
70355099488
96854122337
65737572201
57732923245
50406449008
87942086516
66912853877
47097577335
86271303544
93553385337
51756859258
47699238781
70051037054
76343484288
82454929280
71201873795
89311674248
67757367181
66669191065
106245922715
42390413215
44178177952
69679718314
66133606316
74135781293
55954866092
49648762799
53069275058
61639810996
51832815543
50129330106
58041016251
110991876032
67374497732
48063160264
53322129355
53249564621
47507398607
62958223313
46739546068
44693184476
99048693727
60905988073
40616435690
52867866604
50832875505
46259109875
56319336439
54983311356
